1056000
979000
649000
844000
964000
1047000
868000
763000
1061000
858000
680000
976000
1086000
1138000
664000
1127000
865000
827000
679000
817000
640000
1125000
1086000
785000
1049000
1081000
824000
915000
990000
746000
1027000
796000
1150000
722000
1126000
870000
768000
754000
1192000
776000
1074000
1031000
839000
619000
925000
741000
779000
1198000
1108000
731000
1133000
977000
675000
872000
1069000
1075000
666000
602000
647000
699000
1158000
835000
1190000
1102000
1090000
822000
864000
858000
1003000
975000
801000
891000
1033000
857000
836000
907000
1017000
1183000
1116000
1067000
988000
984000
962000
1100000
839000
713000
859000
848000
633000
1137000
802000
609000
1194000
664000
1015000
703000
898000
687000
690000
1077000
779000
907000
1167000
730000
668000
1119000
798000
959000
701000
1020000
918000
644000
927000
850000
955000
1108000
1088000
867000
1179000
928000
60000
75000
80000
65000
90000
95000
85000
100000
